4.45036 
4.45036 
4.51118 
4.52991 
4.5872 
4.61233 
4.61564 
4.70668 
4.73274 
4.73586 
4.76065 
4.762 
4.77264 
4.78895 
4.80634 
4.80719 
4.82108 
4.8333 
4.86422 
4.87069 
4.87419 
4.8825 
4.89123 
4.91202 
4.9121 
4.92099 
4.92851 
4.93374 
4.93563 
4.93773 
4.93898 
4.94467 
4.96789 
4.97016 
4.97097 
4.98686 
4.98921 
4.99547 
4.99778 
4.99904 
5.00509 
5.01101 
5.01343 
5.01569 
5.02133 
5.03073 
5.04662 
5.04814 
5.0507 
5.06178 
5.06201 
5.06885 
5.07111 
5.08335 
5.08473 
5.0878 
5.08784 
5.09117 
5.09427 
5.09616 
5.10397 
5.10661 
5.10878 
5.10981 
5.13442 
5.13558 
5.14423 
5.14791 
5.1501 
5.15544 
5.15627 
5.16037 
5.16538 
5.16674 
5.16782 
5.16861 
5.17073 
5.17974 
5.18873 
5.18938 
5.19461 
5.19666 
5.19858 
5.19998 
5.20582 
5.21143 
5.21566 
5.21648 
5.22249 
5.22279 
5.22463 
5.22757 
5.23255 
5.23486 
5.24162 
5.24287 
5.24455 
5.24788 
5.24797 
5.25238 
5.25259 
5.25352 
5.25405 
5.25518 
5.25522 
5.25758 
5.26143 
5.26478 
5.26606 
5.26981 
5.2718 
5.27747 
5.2799 
5.2807 
5.28351 
5.28453 
5.28505 
5.28695 
5.28802 
5.29136 
5.30298 
5.30801 
5.31087 
5.31245 
5.31484 
5.31801 
5.31963 
5.32389 
5.32855 
5.33783 
5.34115 
5.3421 
5.34233 
5.34263 
5.34425 
5.34486 
5.34541 
5.34653 
5.34915 
5.35141 
5.35218 
5.35874 
5.36596 
5.36726 
5.37652 
5.37689 
5.38125 
5.38788 
5.38991 
5.3924 
5.39335 
5.39529 
5.39723 
5.39789 
5.40776 
5.41084 
5.41439 
5.41621 
5.41897 
5.41994 
5.42166 
5.42269 
5.42351 
5.42544 
5.42996 
5.43012 
5.43096 
5.43111 
5.4323 
5.43401 
5.43459 
5.43464 
5.4365 
5.43741 
5.43844 
5.43865 
5.44209 
5.44441 
5.44666 
5.45002 
5.45271 
5.455 
5.45671 
5.45735 
5.45798 
5.46614 
5.46697 
5.46727 
5.46779 
5.46836 
5.47975 
5.48483 
5.48581 
5.48679 
5.48799 
5.50416 
5.50822 
5.51091 
5.51092 
5.51092 
5.51347 
5.51474 
5.51532 
5.51549 
5.51573 
5.51806 
5.52526 
5.52561 
5.52638 
5.52689 
5.52691 
5.52796 
5.53262 
5.53396 
5.53527 
5.53812 
5.53842 
5.54021 
5.54029 
5.54179 
5.54391 
5.54722 
5.54804 
5.54899 
5.55357 
5.55466 
5.56667 
5.57266 
5.57305 
5.57327 
5.57518 
5.58353 
5.58689 
5.59103 
5.59488 
5.59855 
5.60283 
5.60499 
5.60552 
5.60762 
5.60958 
5.61979 
5.6248 
5.63365 
5.63704 
5.6413 
5.645 
5.64589 
5.64683 
5.65048 
5.6542 
5.65553 
5.65734 
5.65867 
5.65877 
5.66919 
5.66945 
5.67228 
5.67805 
5.68185 
5.68634 
5.68803 
5.69186 
5.69307 
5.69393 
5.69611 
5.69674 
5.69892 
5.69996 
5.70261 
5.70677 
5.70825 
5.70826 
5.71064 
5.71923 
5.71952 
5.7204 
5.72246 
5.72721 
5.72797 
5.73244 
5.74153 
5.74809 
5.74839 
5.75311 
5.75311 
5.75763 
5.76086 
5.76109 
5.76176 
5.76266 
5.76303 
5.76554 
5.77421 
5.78602 
5.7904 
5.79871 
5.80004 
5.80237 
5.80854 
5.81745 
5.82226 
5.82261 
5.82808 
5.83585 
5.84041 
5.84322 
5.84364 
5.84456 
5.8451 
5.8468 
5.85431 
5.8565 
5.86284 
5.86331 
5.86353 
5.86502 
5.86502 
5.8687 
5.87244 
5.8729 
5.88772 
5.90353 
5.90464 
5.90636 
5.90852 
5.91185 
5.91437 
5.91596 
5.91695 
5.93064 
5.93396 
5.93536 
5.93601 
5.93623 
5.93943 
5.94128 
5.94172 
5.94234 
5.94418 
5.9442 
5.95306 
5.95328 
5.9538 
5.95643 
5.95647 
5.96252 
5.96547 
5.96818 
5.9853 
5.99527 
5.99705 
5.99873 
6.0009 
6.0104 
6.01857 
6.02006 
6.02102 
6.02178 
6.02294 
6.02571 
6.02869 
6.03547 
6.03636 
6.04257 
6.04388 
6.04561 
6.04778 
6.05056 
6.062 
6.06406 
6.06536 
6.06553 
6.06879 
6.06938 
6.08152 
6.08289 
6.09457 
6.09619 
6.10207 
6.1038 
6.10601 
6.10601 
6.10636 
6.11237 
6.11596 
6.11663 
6.11892 
6.12201 
6.12789 
6.12935 
6.13257 
6.13312 
6.13322 
6.13322 
6.13375 
6.14468 
6.14682 
6.16796 
6.16797 
6.17085 
6.18248 
6.18416 
6.18507 
6.18529 
6.18598 
6.18872 
6.18877 
6.19039 
6.19269 
6.19782 
6.20083 
6.20599 
6.20742 
6.21024 
6.21156 
6.22451 
6.2257 
6.22681 
6.22857 
6.23034 
6.23177 
6.23699 
6.24476 
6.25364 
6.25779 
6.25851 
6.26118 
6.27487 
6.27789 
6.2854 
6.29708 
6.30318 
6.30966 
6.31073 
6.31359 
6.31466 
6.31718 
6.31739 
6.32118 
6.3253 
6.32643 
6.32764 
6.33396 
6.33511 
6.34177 
6.34301 
6.34343 
6.35268 
6.3541 
6.35574 
6.36429 
6.36439 
6.36624 
6.36846 
6.38007 
6.38635 
6.38756 
6.39061 
6.40229 
6.40895 
6.40967 
6.41774 
6.41942 
6.42185 
6.43813 
6.44374 
6.44425 
6.44557 
6.44687 
6.45183 
6.45676 
6.45891 
6.47483 
6.48699 
6.49076 
6.4987 
6.50064 
6.50088 
6.50582 
6.50653 
6.5074 
6.51006 
6.51269 
6.53993 
6.5614 
6.5639 
6.56644 
6.56699 
6.56988 
6.57459 
6.57737 
6.57854 
6.57947 
6.58622 
6.58722 
6.58874 
6.59333 
6.59916 
6.59952 
6.60541 
6.61038 
6.61193 
6.61369 
6.61508 
6.61949 
6.62027 
6.62265 
6.62748 
6.63272 
6.63337 
6.63478 
6.64129 
6.64484 
6.65671 
6.66627 
6.67726 
6.67782 
6.68378 
6.69127 
6.69385 
6.69423 
6.70247 
6.70836 
6.71568 
6.7169 
6.71822 
6.72079 
6.72974 
6.72988 
6.74812 
6.75224 
6.75493 
6.76075 
6.7748 
6.77581 
6.77649 
6.78234 
6.79064 
6.79123 
6.79254 
6.80462 
6.80798 
6.81614 
6.82188 
6.83836 
6.84802 
6.85443 
6.86013 
6.86275 
6.8716 
6.8794 
6.88129 
6.88605 
6.88646 
6.89271 
6.8971 
6.89751 
6.90096 
6.90458 
6.90933 
6.91156 
6.91211 
6.9228 
6.93856 
6.95497 
6.96593 
6.96626 
6.96842 
6.98091 
6.99796 
6.99824 
7.00622 
7.00834 
7.0095 
7.00955 
7.01546 
7.02248 
7.02391 
7.02434 
7.03903 
7.05509 
7.05593 
7.06698 
7.07114 
7.09129 
7.10357 
7.10772 
7.13878 
7.15013 
7.16025 
7.16465 
7.17094 
7.17591 
7.19363 
7.19681 
7.20758 
7.23437 
7.2392 
7.24609 
7.2522 
7.26358 
7.2705 
7.27316 
7.27406 
7.27951 
7.31833 
7.32168 
7.35663 
7.37042 
7.38015 
7.38234 
7.38313 
7.38706 
7.41649 
7.42408 
7.4553 
7.47452 
7.48399 
7.50902 
7.52495 
7.52704 
7.54044 
7.5485 
7.55894 
7.56505 
7.57227 
7.57389 
7.58115 
7.59653 
7.63267 
7.6337 
7.63402 
7.64132 
7.64868 
7.66089 
7.6763 
7.68111 
7.68807 
7.69966 
7.70564 
7.70755 
7.73096 
7.73266 
7.74932 
7.77744 
7.77788 
7.78921 
7.78938 
7.79991 
7.81478 
7.84912 
7.85537 
7.875 
7.87634 
7.88398 
7.8996 
7.92061 
7.92561 
7.94944 
7.96757 
7.98704 
7.99714 
8.00294 
8.04165 
8.04546 
8.06427 
8.06912 
8.09316 
8.09455 
8.09678 
8.10142 
8.10759 
8.1104 
8.11743 
8.13678 
8.15835 
8.16034 
8.16595 
8.24146 
8.25454 
8.27699 
8.28497 
8.29447 
8.30612 
8.31463 
8.32547 
8.34492 
8.35245 
8.41416 
8.41911 
8.43567 
8.48457 
8.49681 
8.52687 
8.53637 
8.60299 
8.6575 
8.68348 
8.7723 
8.77769 
8.80541 
8.82953 
8.8516 
8.89752 
8.90197 
8.94462 
8.98858 
9.10914 
9.12391 
9.15261 
9.15499 
9.31736 
9.32847 
9.33911 
9.35265 
9.42276 
9.47761 
9.50552 
9.81924 
10.0453 
10.1619 
10.1982 
10.2354 
10.7327 
10.8497 
10.9908 
10.9987 
11.0445 
11.3385 
11.4242 
11.5522 
11.7075 
11.7506 
11.7749 
12.0102 
12.0534 
12.0745 
12.211 
12.2231 
12.2654 
12.3763 
12.5605 
13.4455 
13.4501 
13.476 
14.5426 
14.6364 
14.8415 
15.0994 
15.539 
15.5986 
15.6534 
15.9298 
16.1574 
16.5075 
16.6903 
17.215 
17.908 
18.6623 
19.0292 
20.2603 
21.3101 
21.5567 
21.6201 
22.4843 
22.9832 
23.231 
23.3776 
23.6445 
23.6606 
24.2328 
24.3861 
24.5219 
24.71 
25.3287 
25.9781 
26.4419 
26.4986 
27.4335 
29.6533 
29.7255 
29.7557 
29.7725 
29.9613 
30.4009 
30.923 
31.2136 
31.2416 
31.2932 
31.4032 
31.9686 
31.9728 
32.264 
32.3029 
32.951 
33.2358 
34.2923 
34.4165 
34.5741 
34.5994 
34.724 
34.9893 
35.4876 
36.102 
36.8077 
36.9169 
36.9386 
37.1149 
37.9173 
37.94 
38.0158 
38.0386 
38.2407 
38.3458 
38.3671 
38.43 
38.4518 
38.5901 
39.1719 
39.4318 
39.5968 
39.8505 
40.6693 
40.7022 
40.7702 
40.8276 
40.9546 
40.9931 
41.1909 
41.5941 
41.7543 
41.8818 
42.0829 
42.6052 
42.7357 
42.8612 
43.241 
43.723 
43.8431 
43.9755 
44.1651 
44.3913 
44.4163 
44.5464 
44.8073 
44.9114 
44.9441 
45.1921 
45.2087 
45.335 
45.8086 
45.8592 
45.8845 
46.0493 
46.05 
46.1945 
46.6739 
46.7121 
46.8476 
46.944 
47.3052 
47.3781 
47.4295 
48.2399 
48.3152 
48.4526 
48.6751 
48.7079 
49.1084 
49.2229 
49.4027 
49.4162 
49.5718 
49.6563 
50.571 
50.688 
51.356 
51.5954 
51.657 
52.344 
52.3943 
52.4131 
52.4831 
52.7849 
53.0196 
53.1579 
53.3739 
53.567 
53.8099 
53.9147 
53.9468 
54.0533 
54.3803 
54.7478 
54.7751 
55.0217 
55.0408 
55.3655 
56.7461 
56.8215 
57.1359 
57.2975 
57.6832 
58.0311 
58.3292 
58.6724 
58.9004 
59.9544 
60.1239 
60.9762 
61.2129 
61.3347 
61.7057 
62.2193 
62.3475 
63.1065 
64.0198 
64.2432 
64.3363 
64.5238 
64.93 
64.9464 
66.4319 
66.4901 
66.8223 
67.4891 
67.6948 
68.4705 
68.5215 
68.6324 
68.6412 
68.854 
69.1842 
69.3802 
69.6008 
69.7433 
69.8162 
69.853 
69.8872 
69.8935 
70.5216 
70.672 
71.5408 
71.7205 
72.2867 
72.8434 
73.0208 
73.45 
73.4735 
73.4758 
74.1665 
75.7029 
76.0383 
76.9201 
76.9794 
77.3262 
77.3949 
79.0358 
79.7217 
80.2372 
80.4943 
81.2956 
81.3459 
81.5655 
81.9942 
82.2168 
86.7092 
87.7985 
93.5688 
98.298 
99.1824 
103.216 
104.427 
105.181 
107.765 
148.006 
150.886 
206.615 
207.287 
207.347 
209.018 
209.826 
232.291 
237.309 
242.115 
265.237 
272.3 
273.929 
275.473 
278.374 
284.557 
289.518 
296.802 
301.855 
413.71 
500.64 
542.228 
542.956 
629.768 

